   1.0000000e+00   1.2600000e-03
   9.9901336e-01   1.4640720e-03
   9.9605735e-01   2.0738260e-03
   9.9114363e-01   3.0819329e-03
   9.8429158e-01   4.4763636e-03
   9.7552826e-01   6.2406578e-03
   9.6488824e-01   8.3542811e-03
   9.5241353e-01   1.0793051e-02
   9.3815334e-01   1.3529612e-02
   9.2216396e-01   1.6533938e-02
   9.0450850e-01   1.9773831e-02
   8.8525662e-01   2.3215414e-02
   8.6448431e-01   2.6823571e-02
   8.4227355e-01   3.0562344e-02
   8.1871199e-01   3.4395270e-02
   7.9389263e-01   3.8285643e-02
   7.6791340e-01   4.2196720e-02
   7.4087684e-01   4.6091864e-02
   7.1288965e-01   4.9934642e-02
   6.8406228e-01   5.3688901e-02
   6.5450850e-01   5.7318820e-02
   6.2434494e-01   6.0788981e-02
   5.9369066e-01   6.4064469e-02
   5.6266662e-01   6.7111012e-02
   5.3139526e-01   6.9895188e-02
   5.0000000e-01   7.2384696e-02
   4.6860474e-01   7.4548709e-02
   4.3733338e-01   7.6358285e-02
   4.0630934e-01   7.7786852e-02
   3.7565506e-01   7.8769566e-02
   3.4549150e-01   7.9203320e-02
   3.1593772e-01   7.9076629e-02
   2.8711035e-01   7.8387031e-02
   2.5912316e-01   7.7138592e-02
   2.3208660e-01   7.5342054e-02
   2.0610737e-01   7.3014836e-02
   1.8128801e-01   7.0180862e-02
   1.5772645e-01   6.6870203e-02
   1.3551569e-01   6.3118533e-02
   1.1474338e-01   5.8966389e-02
   9.5491503e-02   5.4458255e-02
   7.7836037e-02   4.9641483e-02
   6.1846660e-02   4.4565087e-02
   4.7586474e-02   3.9278444e-02
   3.5111757e-02   3.3829942e-02
   2.4471742e-02   2.8265629e-02
   1.5708419e-02   2.2627906e-02
   8.8563746e-03   1.6954317e-02
   3.9426493e-03   1.1276492e-02
   9.8663579e-04   5.6192597e-03
   0.0000000e+00   0.0000000e+00
   9.8663579e-04  -5.4221759e-03
   3.9426493e-03  -1.0491848e-02
   8.8563746e-03  -1.5202651e-02
   1.5708419e-02  -1.9547910e-02
   2.4471742e-02  -2.3520997e-02
   3.5111757e-02  -2.7115800e-02
   4.7586474e-02  -3.0327267e-02
   6.1846660e-02  -3.3152007e-02
   7.7836037e-02  -3.5588888e-02
   9.5491503e-02  -3.7639611e-02
   1.1474338e-01  -3.9309224e-02
   1.3551569e-01  -4.0606521e-02
   1.5772645e-01  -4.1544321e-02
   1.8128801e-01  -4.2139596e-02
   2.0610737e-01  -4.2413424e-02
   2.3208660e-01  -4.2390781e-02
   2.5912316e-01  -4.2100162e-02
   2.8711035e-01  -4.1573049e-02
   3.1593772e-01  -4.0843245e-02
   3.4549150e-01  -3.9946114e-02
   3.7565506e-01  -3.8917735e-02
   4.0630934e-01  -3.7791275e-02
   4.3733338e-01  -3.6513150e-02
   4.6860474e-01  -3.5071666e-02
   5.0000000e-01  -3.3495808e-02
   5.3139526e-01  -3.1813490e-02
   5.6266662e-01  -3.0051060e-02
   5.9369066e-01  -2.8232921e-02
   6.2434494e-01  -2.6381276e-02
   6.5450850e-01  -2.4515995e-02
   6.8406228e-01  -2.2654610e-02
   7.1288965e-01  -2.0812412e-02
   7.4087684e-01  -1.9002643e-02
   7.6791340e-01  -1.7236750e-02
   7.9389263e-01  -1.5524688e-02
   8.1871199e-01  -1.3875241e-02
   8.4227355e-01  -1.2296333e-02
   8.6448431e-01  -1.0795313e-02
   8.8525662e-01  -9.3791907e-03
   9.0450850e-01  -8.0548117e-03
   9.2216396e-01  -6.8289602e-03
   9.3815334e-01  -5.7083918e-03
   9.5241353e-01  -4.6997958e-03
   9.6488824e-01  -3.8096952e-03
   9.7552826e-01  -3.0442996e-03
   9.8429158e-01  -2.4093248e-03
   9.9114363e-01  -1.9097980e-03
   9.9605735e-01  -1.5498666e-03
   9.9901336e-01  -1.3326287e-03
   1.0000000e+00  -1.2600000e-03
